It no:-  Inlet val Outlet val      x    y    z     lf     df           Result
		
 401      4.3159   0.0090729      817  406  817     2     2      0  1.2e-13  7.4e-16
   -        4.32           - out
 402       4.325   0.0090729      819  407  819     2     2      0    2e-13  7.7e-16
 403       4.334   0.0090729      821  408  821     2     2      0  4.8e-14  8.4e-16
   -        4.34           - out
 404      4.3431   0.0090729      823  409  823     2     2      0  1.5e-13  8.2e-16
 405      4.3522   0.0090729      825  410  825     2     2      0  2.3e-13  9.7e-16
   -        4.36           - out
 406      4.3613   0.0090729      827  411  827     2     2      0  9.6e-14  8.4e-16
 407      4.3703   0.0090729      829  412  829     2     2      0  1.6e-13  8.1e-16
 408      4.3794   0.0090729      831  413  831     2     2      0  7.3e-14  8.9e-16
   -        4.38           - out
 409      4.3885   0.0090729      833  414  833     2     2      0  1.3e-13  7.9e-16
 410      4.3975   0.0090729      835  415  835     2     2      0  2.7e-13  9.5e-16
   -         4.4           - out
 411      4.4066   0.0090729      837  416  837     2     2      0  1.5e-13  7.9e-16
 412      4.4157   0.0090729      839  417  839     2     2      0  1.1e-13  8.1e-16
   -        4.42           - out
 413      4.4248   0.0090729      841  418  841     2     2      0  1.2e-14  7.7e-16
 414      4.4338   0.0090729      843  419  843     2     2      0  1.7e-13  8.6e-16
   -        4.44           - out
 415      4.4429   0.0090729      845  420  845     2     2      0    2e-14  7.9e-16
 416       4.452   0.0090729      847  421  847     2     2      0  4.6e-14  7.6e-16
   -        4.46           - out
 417      4.4611   0.0090729      849  422  849     2     2      0  3.4e-14  9.1e-16
 418      4.4701   0.0090729      851  423  851     2     2      0  1.9e-14  8.6e-16
 419      4.4792   0.0090729      853  424  853     2     2      0  8.4e-14  9.8e-16
   -        4.48           - out
 420      4.4883   0.0090729      855  425  855     2     2      0  4.7e-14    9e-16
 421      4.4973   0.0090729      857  426  857     2     2      0    5e-13    9e-16
   -         4.5           - out
 422      4.5064   0.0090729      859  427  859     2     2      0  2.8e-14  8.2e-16
 423      4.5155   0.0090729      861  428  861     2     2      0  1.8e-14  7.9e-16
   -        4.52           - out
 424      4.5246   0.0090729      863  429  863     2     2      0  2.9e-14  8.6e-16
 425      4.5336   0.0090729      865  430  865     2     2      0  1.1e-13  8.9e-16
   -        4.54           - out
 426      4.5427   0.0090729      867  431  867     2     2      0  1.4e-13  8.4e-16
 427      4.5518   0.0090729      869  432  869     2     2      0  2.5e-14  9.4e-16
   -        4.56           - out
 428      4.5609   0.0090729      871  433  871     2     2      0  9.9e-14  8.1e-16
 429      4.5699   0.0090729      873  434  873     2     2      0  1.2e-13    9e-16
 430       4.579   0.0090729      875  435  875     2     2      0  1.4e-13    9e-16
   -        4.58           - out
 431      4.5881   0.0090729      877  436  877     2     2      0  1.8e-14  8.5e-16
 432      4.5971   0.0090729      879  437  879     2     2      0  1.5e-13  9.7e-16
   -         4.6           - out
 433      4.6062   0.0090729      881  438  881     2     2      0  1.1e-13    8e-16
 434      4.6153   0.0090729      883  439  883     2     2      0  1.3e-13  7.9e-16
   -        4.62           - out
 435      4.6244   0.0090729      885  440  885     2     2      0  3.3e-14  9.4e-16
 436      4.6334   0.0090729      887  441  887     2     2      0  1.2e-13  8.2e-16
   -        4.64           - out
 437      4.6425   0.0090729      889  442  889     2     2      0    2e-14  7.9e-16
 438      4.6516   0.0090729      891  443  891     2     2      0  4.9e-14  8.3e-16
   -        4.66           - out
 439      4.6607   0.0090729      893  444  893     2     2      0  6.2e-14  7.7e-16
 440      4.6697   0.0090729      895  445  895     2     2      0  3.6e-14  9.2e-16
 441      4.6788   0.0090729      897  446  897     2     2      0  1.1e-13    1e-15
   -        4.68           - out
 442      4.6879   0.0090729      899  447  899     2     2      0  1.5e-13  8.7e-16
 443      4.6969   0.0090729      901  448  901     2     2      0  7.2e-14  1.1e-15
   -         4.7           - out
 444       4.706   0.0090729      903  449  903     2     2      0  3.3e-14  7.9e-16
 445      4.7151   0.0090729      905  450  905     2     2      0  1.4e-13  7.5e-16
   -        4.72           - out
 446      4.7242   0.0090729      907  451  907     2     2      0  2.8e-14  8.7e-16
 447      4.7332   0.0090729      909  452  909     2     2      0  6.3e-14  8.3e-16
   -        4.74           - out
 448      4.7423   0.0090729      911  453  911     2     2      0  2.5e-14  9.1e-16
 449      4.7514   0.0090729      913  454  913     2     2      0  3.6e-14  9.4e-16
   -        4.76           - out
 450      4.7605   0.0090729      915  455  915     2     2      0  7.2e-14    8e-16
 451      4.7695   0.0090729      917  456  917     2     2      0  1.2e-13  8.4e-16
 452      4.7786   0.0090729      919  457  919     2     2      0    1e-13  8.7e-16
   -        4.78           - out
 453      4.7877   0.0090729      921  458  921     2     2      0  1.1e-13  7.4e-16
 454      4.7968   0.0090729      923  459  923     2     2      0  2.8e-14  8.2e-16
   -         4.8           - out
 455      4.8058   0.0090729      925  460  925     2     2      0  7.9e-15  8.4e-16
 456      4.8149   0.0090729      927  461  927     2     2      0  3.1e-14    8e-16
   -        4.82           - out
 457       4.824   0.0090729      929  462  929     2     2      0  2.9e-13  8.6e-16
 458       4.833   0.0090729      931  463  931     2     2      0  3.3e-14  8.4e-16
   -        4.84           - out
 459      4.8421   0.0090729      933  464  933     2     2      0  1.6e-13  9.1e-16
 460      4.8512   0.0090729      935  465  935     2     2      0  1.9e-13  8.9e-16
   -        4.86           - out
 461      4.8603   0.0090729      937  466  937     2     2      0  2.3e-14    8e-16
 462      4.8693   0.0090729      939  467  939     2     2      0  5.5e-14  8.7e-16
 463      4.8784   0.0090729      941  468  941     2     2      0  1.5e-13  8.7e-16
   -        4.88           - out
 464      4.8875   0.0090729      943  469  943     2     2      0  4.1e-14  8.5e-16
 465      4.8966   0.0090729      945  470  945     2     2      0    5e-14  9.6e-16
   -         4.9           - out
 466      4.9056   0.0090729      947  471  947     2     2      0  8.3e-14  7.8e-16
 467      4.9147   0.0090729      949  472  949     2     2      0    2e-14  9.9e-16
   -        4.92           - out
 468      4.9238   0.0090729      951  473  951     2     2      0  9.7e-14  8.6e-16
 469      4.9328   0.0090729      953  474  953     2     2      0  4.1e-14    1e-15
   -        4.94           - out
 470      4.9419   0.0090729      955  475  955     2     2      0  1.7e-13  7.8e-16
 471       4.951   0.0090729      957  476  957     2     2      0  1.1e-13  8.3e-16
   -        4.96           - out
 472      4.9601   0.0090729      959  477  959     2     2      0  1.7e-13  7.2e-16
 473      4.9691   0.0090729      961  478  961     2     2      0  2.1e-13  7.9e-16
 474      4.9782   0.0090729      963  479  963     2     2      0  9.6e-14  7.8e-16
   -        4.98           - out
 475      4.9873   0.0090729      965  480  965     2     2      0  2.1e-13  8.6e-16
 476      4.9964   0.0090729      967  481  967     2     2      0  5.9e-14  8.5e-16
   -           5           - out
 477      5.0054   0.0090729      969  482  969     2     2      0  4.8e-15  8.2e-16
 478      5.0145   0.0090729      971  483  971     2     2      0  8.7e-15  7.6e-16
   -        5.02           - out
 479      5.0236   0.0090729      973  484  973     2     2      0  1.6e-13  8.5e-16
 480      5.0326   0.0090729      975  485  975     2     2      0  1.2e-13  8.9e-16
   -        5.04           - out
 481      5.0417   0.0090729      977  486  977     2     2      0  1.8e-13    9e-16
 482      5.0508   0.0090729      979  487  979     2     2      0  1.3e-13  8.3e-16
 483      5.0599   0.0090729      981  488  981     2     2      0  3.1e-14  8.2e-16
   -        5.06           - out
 484      5.0689   0.0090729      983  489  983     2     2      0    4e-13  8.3e-16
 485       5.078   0.0090729      985  490  985     2     2      0  3.9e-13    9e-16
   -        5.08           - out
 486      5.0871   0.0090729      987  491  987     2     2      0  5.8e-14  8.2e-16
 487      5.0962   0.0090729      989  492  989     2     2      0  6.4e-14  8.8e-16
   -         5.1           - out
 488      5.1052   0.0090729      991  493  991     2     2      0  3.5e-14    8e-16
 489      5.1143   0.0090729      993  494  993     2     2      0  2.3e-13  9.6e-16
   -        5.12           - out
 490      5.1234   0.0090729      995  495  995     2     2      0  5.7e-14  8.3e-16
 491      5.1324   0.0090729      997  496  997     2     2      0  1.9e-13  7.7e-16
   -        5.14           - out
 492      5.1415   0.0090729      999  497  999     2     2      0  6.9e-14  8.3e-16
 493      5.1506   0.0090729     1001  498 1001     2     2      0  5.1e-13  8.4e-16
 494      5.1597   0.0090729     1003  499 1003     2     2      0    9e-14  9.4e-16
   -        5.16           - out
 495      5.1687   0.0090729     1005  500 1005     2     2      0  8.9e-15  8.5e-16
 496      5.1778   0.0090729     1007  501 1007     2     2      0  1.3e-13  8.8e-16
   -        5.18           - out
 497      5.1869   0.0090729     1009  502 1009     2     2      0  9.2e-14    9e-16
 498       5.196   0.0090729     1011  503 1011     2     2      0  1.7e-13  8.5e-16
   -         5.2           - out
 499       5.205   0.0090729     1013  504 1013     2     2      0  2.3e-13    9e-16
 500      5.2141   0.0090729     1015  505 1015     2     2      0  1.1e-13  9.7e-16
   -        5.22           - out
 501      5.2232   0.0090729     1017  506 1017     2     2      0    8e-14  8.1e-16
 502      5.2323   0.0090729     1019  507 1019     2     2      0  4.7e-14  9.1e-16
   -        5.24           - out
 503      5.2413   0.0090729     1021  508 1021     2     2      0  1.6e-13  1.1e-15
 504      5.2504   0.0090729     1023  509 1023     2     2      0  8.7e-14  8.8e-16
 505      5.2595   0.0090729     1025  510 1025     2     2      0  2.8e-14  8.1e-16
   -        5.26           - out
 506      5.2685   0.0090729     1027  511 1027     2     2      0    5e-14  9.1e-16
 507      5.2776   0.0090729     1029  512 1029     2     2      0  1.1e-13  8.5e-16
   -        5.28           - out
 508      5.2867   0.0090729     1031  513 1031     2     2      0  5.1e-14  8.2e-16
 509      5.2958   0.0090729     1033  514 1033     2     2      0  8.7e-15  9.9e-16
   -         5.3           - out
 510      5.3048   0.0090729     1035  515 1035     2     2      0  1.2e-13  8.2e-16
 511      5.3139   0.0090729     1037  516 1037     2     2      0  5.8e-14  8.9e-16
   -        5.32           - out
 512       5.323   0.0090729     1039  517 1039     2     2      0  2.5e-14  8.3e-16
 513      5.3321   0.0090729     1041  518 1041     2     2      0  4.4e-13  9.9e-16
   -        5.34           - out
 514      5.3411   0.0090729     1043  519 1043     2     2      0  1.1e-13  8.6e-16
 515      5.3502   0.0090729     1045  520 1045     2     2      0  1.3e-13  7.9e-16
 516      5.3593   0.0090729     1047  521 1047     2     2      0    8e-14  7.2e-16
   -        5.36           - out
 517      5.3683   0.0090729     1049  522 1049     2     2      0  1.5e-13  8.3e-16
 518      5.3774   0.0090729     1051  523 1051     2     2      0  1.7e-14  7.9e-16
   -        5.38           - out
 519      5.3865   0.0090729     1053  524 1053     2     2      0    2e-13  8.2e-16
 520      5.3956   0.0090729     1055  525 1055     2     2      0  4.6e-15  1.1e-15
   -         5.4           - out
 521      5.4046   0.0090729     1057  526 1057     2     2      0    2e-13  9.4e-16
 522      5.4137   0.0090729     1059  527 1059     2     2      0  2.5e-13  9.5e-16
   -        5.42           - out
 523      5.4228   0.0090729     1061  528 1061     2     2      0  1.9e-14  8.7e-16
 524      5.4319   0.0090729     1063  529 1063     2     2      0  1.1e-13  8.6e-16
   -        5.44           - out
 525      5.4409   0.0090729     1065  530 1065     2     2      0  1.3e-13  1.2e-15
 526        5.45   0.0090729     1067  531 1067     2     2      0  1.2e-13  8.2e-16
 527      5.4591   0.0090729     1069  532 1069     2     2      0  2.1e-14  8.3e-16
   -        5.46           - out
 528      5.4681   0.0090729     1071  533 1071     2     2      0    9e-14  8.1e-16
 529      5.4772   0.0090729     1073  534 1073     2     2      0  1.9e-13  8.1e-16
   -        5.48           - out
 530      5.4863   0.0090729     1075  535 1075     2     2      0  9.1e-14  8.7e-16
 531      5.4954   0.0090729     1077  536 1077     2     2      0  1.6e-13  8.9e-16
   -         5.5           - out
 532      5.5044   0.0090729     1079  537 1079     2     2      0  3.3e-13  8.5e-16
 533      5.5135   0.0090729     1081  538 1081     2     2      0  5.4e-14  8.4e-16
   -        5.52           - out
 534      5.5226   0.0090729     1083  539 1083     2     2      0  6.4e-14  8.6e-16
 535      5.5317   0.0090729     1085  540 1085     2     2      0  9.4e-14  9.3e-16
   -        5.54           - out
 536      5.5407   0.0090729     1087  541 1087     2     2      0  8.2e-14  8.4e-16
 537      5.5498   0.0090729     1089  542 1089     2     2      0  1.9e-14  9.4e-16
 538      5.5589   0.0090729     1091  543 1091     2     2      0  8.3e-14  8.6e-16
   -        5.56           - out
 539      5.5679   0.0090729     1093  544 1093     2     2      0  1.6e-13  8.8e-16
 540       5.577   0.0090729     1095  545 1095     2     2      0  1.4e-13  8.4e-16
   -        5.58           - out
 541      5.5861   0.0090729     1097  546 1097     2     2      0  1.1e-13    1e-15
 542      5.5952   0.0090729     1099  547 1099     2     2      0  3.3e-14  7.8e-16
   -         5.6           - out
 543      5.6042   0.0090729     1101  548 1101     2     2      0    3e-13  8.9e-16
 544      5.6133   0.0090729     1103  549 1103     2     2      0  9.3e-14  9.2e-16
   -        5.62           - out
 545      5.6224   0.0090729     1105  550 1105     2     2      0  6.9e-14    1e-15
 546      5.6315   0.0090729     1107  551 1107     2     2      0  1.1e-13    8e-16
   -        5.64           - out
 547      5.6405   0.0090729     1109  552 1109     2     2      0  5.4e-14  8.2e-16
 548      5.6496   0.0090729     1111  553 1111     2     2      0  8.4e-14  7.8e-16
 549      5.6587   0.0090729     1113  554 1113     2     2      0  3.5e-13  9.1e-16
   -        5.66           - out
 550      5.6677   0.0090729     1115  555 1115     2     2      0  1.7e-13  8.4e-16
 551      5.6768   0.0090729     1117  556 1117     2     2      0  2.2e-13  8.7e-16
   -        5.68           - out
 552      5.6859   0.0090729     1119  557 1119     2     2      0  2.5e-13  8.2e-16
 553       5.695   0.0090729     1121  558 1121     2     2      0  1.7e-13  1.1e-15
   -         5.7           - out
 554       5.704   0.0090729     1123  559 1123     2     2      0  4.3e-14  7.4e-16
 555      5.7131   0.0090729     1125  560 1125     2     2      0  1.5e-13    8e-16
   -        5.72           - out
 556      5.7222   0.0090729     1127  561 1127     2     2      0  5.9e-14  8.9e-16
 557      5.7313   0.0090729     1129  562 1129     2     2      0  4.5e-14  8.3e-16
   -        5.74           - out
 558      5.7403   0.0090729     1131  563 1131     2     2      0  1.6e-13  8.1e-16
 559      5.7494   0.0090729     1133  564 1133     2     2      0  3.6e-13  7.9e-16
 560      5.7585   0.0090729     1135  565 1135     2     2      0  2.9e-14  8.6e-16
   -        5.76           - out
 561      5.7676   0.0090729     1137  566 1137     2     2      0  1.2e-13  8.6e-16
 562      5.7766   0.0090729     1139  567 1139     2     2      0  1.4e-13  7.8e-16
   -        5.78           - out
 563      5.7857   0.0090729     1141  568 1141     2     2      0  1.6e-13  9.1e-16
 564      5.7948   0.0090729     1143  569 1143     2     2      0  1.4e-13  7.9e-16
   -         5.8           - out
 565      5.8038   0.0090729     1145  570 1145     2     2      0  4.7e-14  7.3e-16
 566      5.8129   0.0090729     1147  571 1147     2     2      0  5.9e-14  8.8e-16
   -        5.82           - out
 567       5.822   0.0090729     1149  572 1149     2     2      0  1.4e-13  8.5e-16
 568      5.8311   0.0090729     1151  573 1151     2     2      0  8.4e-14  9.1e-16
   -        5.84           - out
 569      5.8401   0.0090729     1153  574 1153     2     2      0    9e-14  8.8e-16
 570      5.8492   0.0090729     1155  575 1155     2     2      0  1.1e-14  8.7e-16
 571      5.8583   0.0090729     1157  576 1157     2     2      0  3.9e-14  8.1e-16
   -        5.86           - out
 572      5.8674   0.0090729     1159  577 1159     2     2      0  1.5e-13  8.7e-16
 573      5.8764   0.0090729     1161  578 1161     2     2      0  9.5e-14  9.3e-16
   -        5.88           - out
 574      5.8855   0.0090729     1163  579 1163     2     2      0  4.6e-13  9.7e-16
 575      5.8946   0.0090729     1165  580 1165     2     2      0  1.6e-13  8.6e-16
   -         5.9           - out
 576      5.9036   0.0090729     1167  581 1167     2     2      0  3.9e-14  8.7e-16
 577      5.9127   0.0090729     1169  582 1169     2     2      0  3.1e-13  8.4e-16
   -        5.92           - out
 578      5.9218   0.0090729     1171  583 1171     2     2      0  3.1e-14    9e-16
 579      5.9309   0.0090729     1173  584 1173     2     2      0  7.1e-14  8.6e-16
 580      5.9399   0.0090729     1175  585 1175     2     2      0  1.2e-13    9e-16
   -        5.94           - out
 581       5.949   0.0090729     1177  586 1177     2     2      0  1.7e-13  8.2e-16
 582      5.9581   0.0090729     1179  587 1179     2     2      0  1.2e-13  9.2e-16
   -        5.96           - out
 583      5.9672   0.0090729     1181  588 1181     2     2      0  1.8e-13    9e-16
 584      5.9762   0.0090729     1183  589 1183     2     2      0  2.2e-13  7.9e-16
   -        5.98           - out
 585      5.9853   0.0090729     1185  590 1185     2     2      0  1.4e-13  7.6e-16
 586      5.9944   0.0090729     1187  591 1187     2     2      0  3.2e-14  1.1e-15
   -           6           - out
 587      6.0034   0.0090729     1189  592 1189     2     2      0  7.1e-14  7.7e-16
 588      6.0125   0.0090729     1191  593 1191     2     2      0  5.8e-14  7.6e-16
   -        6.02           - out
 589      6.0216   0.0090729     1193  594 1193     2     2      0    4e-14  8.9e-16
 590      6.0307   0.0090729     1195  595 1195     2     2      0  2.7e-13  8.3e-16
 591      6.0397   0.0090729     1197  596 1197     2     2      0  1.4e-13  7.7e-16
   -        6.04           - out
 592      6.0488   0.0090729     1199  597 1199     2     2      0    2e-13  7.7e-16
 593      6.0579   0.0090729     1201  598 1201     2     2      0  4.1e-14  8.3e-16
   -        6.06           - out
 594       6.067   0.0090729     1203  599 1203     2     2      0  1.2e-13  7.6e-16
 595       6.076   0.0090729     1205  600 1205     2     2      0  6.1e-14  9.2e-16
   -        6.08           - out
 596      6.0851   0.0090729     1207  601 1207     2     2      0  1.4e-13  7.8e-16
 597      6.0942   0.0090729     1209  602 1209     2     2      0  1.6e-13  9.8e-16
   -         6.1           - out
 598      6.1032   0.0090729     1211  603 1211     2     2      0  2.1e-13  8.3e-16
 599      6.1123   0.0090729     1213  604 1213     2     2      0  1.5e-13  7.9e-16
   -        6.12           - out
 600      6.1214   0.0090729     1215  605 1215     2     2      0  9.7e-15  8.6e-16
 601      6.1305   0.0090729     1217  606 1217     2     2      0  1.1e-13  8.7e-16
 602      6.1395   0.0090729     1219  607 1219     2     2      0  7.2e-14  8.1e-16
   -        6.14           - out
 603      6.1486   0.0090729     1221  608 1221     2     2      0  4.3e-13  8.5e-16
 604      6.1577   0.0090729     1223  609 1223     2     2      0  1.4e-13  8.6e-16
   -        6.16           - out
 605      6.1668   0.0090729     1225  610 1225     2     2      0  2.6e-13  8.1e-16
 606      6.1758   0.0090729     1227  611 1227     2     2      0  8.4e-14  7.8e-16
   -        6.18           - out
 607      6.1849   0.0090729     1229  612 1229     2     2      0  2.1e-13  7.7e-16
 608       6.194   0.0090729     1231  613 1231     2     2      0  1.9e-13    8e-16
   -         6.2           - out
 609      6.2031   0.0090729     1233  614 1233     2     2      0  9.8e-14  8.5e-16
 610      6.2121   0.0090729     1235  615 1235     2     2      0  4.3e-14  9.1e-16
   -        6.22           - out
 611      6.2212   0.0090729     1237  616 1237     2     2      0  1.4e-13  8.2e-16
 612      6.2303   0.0090729     1239  617 1239     2     2      0    1e-13  8.3e-16
 613      6.2393   0.0090729     1241  618 1241     2     2      0  1.2e-13  8.6e-16
   -        6.24           - out
 614      6.2484   0.0090729     1243  619 1243     2     2      0  5.2e-14  8.3e-16
 615      6.2575   0.0090729     1245  620 1245     2     2      0  1.8e-14  8.2e-16
   -        6.26           - out
 616      6.2666   0.0090729     1247  621 1247     2     2      0  1.1e-13  8.7e-16
 617      6.2756   0.0090729     1249  622 1249     2     2      0  5.3e-14    9e-16
   -        6.28           - out
 618      6.2847   0.0090729     1251  623 1251     2     2      0  3.9e-14  7.8e-16
 619      6.2938   0.0090729     1253  624 1253     2     2      0  2.4e-13  8.7e-16
   -         6.3           - out
 620      6.3029   0.0090729     1255  625 1255     2     2      0  2.6e-13  8.8e-16
 621      6.3119   0.0090729     1257  626 1257     2     2      0  1.2e-14  8.5e-16
   -        6.32           - out
 622       6.321   0.0090729     1259  627 1259     2     2      0  7.1e-14  8.7e-16
 623      6.3301   0.0090729     1261  628 1261     2     2      0  2.3e-13  7.9e-16
 624      6.3391   0.0090729     1263  629 1263     2     2      0  4.3e-14    8e-16
   -        6.34           - out
 625      6.3482   0.0090729     1265  630 1265     2     2      0  3.6e-14  9.1e-16
 626      6.3573   0.0090729     1267  631 1267     2     2      0  1.5e-13  8.6e-16
   -        6.36           - out
 627      6.3664   0.0090729     1269  632 1269     2     2      0  7.9e-14  8.3e-16
 628      6.3754   0.0090729     1271  633 1271     2     2      0  1.2e-13  8.3e-16
   -        6.38           - out
 629      6.3845   0.0090729     1273  634 1273     2     2      0  7.4e-14  7.7e-16
 630      6.3936   0.0090729     1275  635 1275     2     2      0  8.5e-14  8.4e-16
   -         6.4           - out
 631      6.4027   0.0090729     1277  636 1277     2     2      0  1.3e-13  8.7e-16
 632      6.4117   0.0090729     1279  637 1279     2     2      0    3e-14  9.5e-16
   -        6.42           - out
 633      6.4208   0.0090729     1281  638 1281     2     2      0  3.9e-13  8.9e-16
 634      6.4299   0.0090729     1283  639 1283     2     2      0    2e-13    8e-16
 635      6.4389   0.0090729     1285  640 1285     2     2      0  7.8e-14  9.8e-16
   -        6.44           - out
 636       6.448   0.0090729     1287  641 1287     2     2      0    1e-13  8.3e-16
 637      6.4571   0.0090729     1289  642 1289     2     2      0  1.8e-13  8.6e-16
   -        6.46           - out
 638      6.4662   0.0090729     1291  643 1291     2     2      0  1.7e-13  7.8e-16
 639      6.4752   0.0090729     1293  644 1293     2     2      0  1.2e-13  9.1e-16
   -        6.48           - out
 640      6.4843   0.0090729     1295  645 1295     2     2      0  2.8e-13    8e-16
 641      6.4934   0.0090729     1297  646 1297     2     2      0    1e-13  8.2e-16
   -         6.5           - out
 642      6.5025   0.0090729     1299  647 1299     2     2      0    5e-14  8.7e-16
 643      6.5115   0.0090729     1301  648 1301     2     2      0  1.5e-13  8.2e-16
   -        6.52           - out
 644      6.5206   0.0090729     1303  649 1303     2     2      0    2e-13  7.8e-16
 645      6.5297   0.0090729     1305  650 1305     2     2      0  2.5e-13  9.2e-16
 646      6.5387   0.0090729     1307  651 1307     2     2      0    7e-14  8.2e-16
   -        6.54           - out
 647      6.5478   0.0090729     1309  652 1309     2     2      0  2.6e-13  8.4e-16
 648      6.5569   0.0090729     1311  653 1311     2     2      0  1.8e-14  8.9e-16
   -        6.56           - out
 649       6.566   0.0090729     1313  654 1313     2     2      0  1.1e-13  8.3e-16
 650       6.575   0.0090729     1315  655 1315     2     2      0  2.4e-13  8.9e-16
   -        6.58           - out
 651      6.5841   0.0090729     1317  656 1317     2     2      0  5.4e-14  8.2e-16
 652      6.5932   0.0090729     1319  657 1319     2     2      0  8.3e-14  8.5e-16
   -         6.6           - out
 653      6.6023   0.0090729     1321  658 1321     2     2      0  1.5e-13  8.8e-16
 654      6.6113   0.0090729     1323  659 1323     2     2      0  6.2e-14  9.5e-16
   -        6.62           - out
 655      6.6204   0.0090729     1325  660 1325     2     2      0  1.4e-13  8.1e-16
 656      6.6295   0.0090729     1327  661 1327     2     2      0  1.7e-13  8.1e-16
 657      6.6386   0.0090729     1329  662 1329     2     2      0  2.6e-13  1.1e-15
   -        6.64           - out
 658      6.6476   0.0090729     1331  663 1331     2     2      0  1.2e-13  1.1e-15
 659      6.6567   0.0090729     1333  664 1333     2     2      0  1.6e-13  8.5e-16
   -        6.66           - out
 660      6.6658   0.0090729     1335  665 1335     2     2      0  1.8e-13    1e-15
 661      6.6748   0.0090729     1337  666 1337     2     2      0    4e-14  7.8e-16
   -        6.68           - out
 662      6.6839   0.0090729     1339  667 1339     2     2      0  1.1e-13  8.3e-16
 663       6.693   0.0090729     1341  668 1341     2     2      0  5.9e-14  8.2e-16
   -         6.7           - out
 664      6.7021   0.0090729     1343  669 1343     2     2      0  1.7e-13  7.9e-16
 665      6.7111   0.0090729     1345  670 1345     2     2      0  1.5e-13  8.3e-16
   -        6.72           - out
 666      6.7202   0.0090729     1347  671 1347     2     2      0  7.2e-14  8.7e-16
 667      6.7293   0.0090729     1349  672 1349     2     2      0  8.5e-14  9.1e-16
 668      6.7384   0.0090729     1351  673 1351     2     2      0  1.5e-13  8.1e-16
   -        6.74           - out
 669      6.7474   0.0090729     1353  674 1353     2     2      0  2.2e-14  8.5e-16
 670      6.7565   0.0090729     1355  675 1355     2     2      0  5.6e-14  9.2e-16
   -        6.76           - out
 671      6.7656   0.0090729     1357  676 1357     2     2      0  8.7e-14    8e-16
 672      6.7746   0.0090729     1359  677 1359     2     2      0  2.3e-13  8.5e-16
   -        6.78           - out
 673      6.7837   0.0090729     1361  678 1361     2     2      0    3e-13  8.1e-16
 674      6.7928   0.0090729     1363  679 1363     2     2      0  1.7e-13  8.4e-16
   -         6.8           - out
 675      6.8019   0.0090729     1365  680 1365     2     2      0  8.5e-14  8.4e-16
 676      6.8109   0.0090729     1367  681 1367     2     2      0  9.5e-15  8.7e-16
   -        6.82           - out
 677        6.82   0.0090729     1369  682 1369     2     2      0  5.2e-14  9.8e-16
 678      6.8291   0.0090729     1371  683 1371     2     2      0  1.9e-13  7.8e-16
 679      6.8382   0.0090729     1373  684 1373     2     2      0  2.5e-13  8.8e-16
   -        6.84           - out
 680      6.8472   0.0090729     1375  685 1375     2     2      0  4.9e-14  8.3e-16
 681      6.8563   0.0090729     1377  686 1377     2     2      0  9.2e-14  9.3e-16
   -        6.86           - out
 682      6.8654   0.0090729     1379  687 1379     2     2      0  1.1e-13    8e-16
 683      6.8744   0.0090729     1381  688 1381     2     2      0    2e-13    9e-16
   -        6.88           - out
 684      6.8835   0.0090729     1383  689 1383     2     2      0  4.9e-14    9e-16
 685      6.8926   0.0090729     1385  690 1385     2     2      0  2.3e-14  8.6e-16
   -         6.9           - out
 686      6.9017   0.0090729     1387  691 1387     2     2      0  2.7e-14  9.4e-16
 687      6.9107   0.0090729     1389  692 1389     2     2      0  1.7e-13  9.5e-16
 688      6.9198   0.0090729     1391  693 1391     2     2      0  4.8e-14    8e-16
   -        6.92           - out
 689      6.9289   0.0090729     1393  694 1393     2     2      0  6.5e-14  9.9e-16
 690       6.938   0.0090729     1395  695 1395     2     2      0  7.8e-14  8.6e-16
   -        6.94           - out
 691       6.947   0.0090729     1397  696 1397     2     2      0  2.8e-13  8.9e-16
 692      6.9561   0.0090729     1399  697 1399     2     2      0  2.3e-13  8.8e-16
   -        6.96           - out
 693      6.9652   0.0090729     1401  698 1401     2     2      0  2.2e-13  8.7e-16
 694      6.9742   0.0090729     1403  699 1403     2     2      0  8.2e-14  8.2e-16
   -        6.98           - out
 695      6.9833   0.0090729     1405  700 1405     2     2      0    1e-13  9.8e-16
 696      6.9924   0.0090729     1407  701 1407     2     2      0  2.7e-13  9.3e-16
   -           7           - out
 697      7.0015   0.0090729     1409  702 1409     2     2      0  6.8e-15  7.9e-16
Time-stepping completed.
Solution time: 193 s. (3 minutes, 13 seconds)
Physical memory: 1.34 GB
Virtual memory: 1.58 GB
Ended at Sep 25, 2023, 12:42:22 PM.
----- Time-Dependent Solver 1 in Study 1/Solution 1 (sol1) -------------------->
